name: koi-rpa
channels:
- conda-forge
dependencies:
- bzip2=1.0.8=h2466b09_7
- ca-certificates=2024.8.30=h56e8100_0
- libexpat=2.6.3=he0c23c2_0
- libffi=3.4.2=h8ffe710_5
- libsqlite=3.46.1=h2466b09_0
- libxcb=1.16=h013a479_1
- libzlib=1.3.1=h2466b09_1
- m2w64-gcc-libgfortran=5.3.0=6
- m2w64-gcc-libs=5.3.0=7
- m2w64-gcc-libs-core=5.3.0=7
- m2w64-gmp=6.1.0=2
- m2w64-libwinpthread-git=5.0.0.4634.697f757=2
- msys2-conda-epoch=20160418=1
- openssl=3.3.2=h2466b09_0
- pip=24.2=pyh8b19718_1
- pthread-stubs=0.4=hcd874cb_1001
- python=3.12.6=hce54a09_1_cpython
- setuptools=74.1.2=pyhd8ed1ab_0
- tk=8.6.13=h5226925_1
- tzdata=2024a=h8827d51_1
- ucrt=10.0.22621.0=h57928b3_0
- vc=14.3=h8a93ad2_21
- vc14_runtime=14.40.33810=ha82c5b3_21
- vs2015_runtime=14.40.33810=h3bf8584_21
- wheel=0.44.0=pyhd8ed1ab_0
- xorg-kbproto=1.0.7=hcd874cb_1002
- xorg-libx11=1.8.9=h0076a8d_1
- xorg-libxau=1.0.11=hcd874cb_0
- xorg-libxdmcp=1.1.3=hcd874cb_0
- xorg-xextproto=7.3.0=hcd874cb_1003
- xorg-xproto=7.0.31=hcd874cb_1007
- xz=5.2.6=h8d14728_0

